Chr_GRCh38      Pos_GRCh38      Chr_GRCh37      Pos_GRCh37      SNP_ID
1	116547871	1	117090493	rs10801908
1	85216337	1	85682020	rs11161550
1	85299203	1	85764886	rs11161589
1	155010560	1	154983036	rs112344141
1	92491421	1	92956978	rs113561235
1	100947346	1	101412902	rs11578655
1	92687078	1	93152635	rs11809700
1	92826387	1	93291944	rs12042488
1	100841497	1	101307053	rs12047318
1	91756532	1	92222089	rs12133753
1	192571891	1	192541021	rs1323292
1	92961312	1	93426869	rs1415069
1	100823940	1	101289496	rs142860878
1	101078587	1	101544143	rs147885102
1	11823285	1	11883342	rs198398
1	157716547	1	157686337	rs2317231
1	6452487	1	6512547	rs2986736
1	100824876	1	101290432	rs34723276
1	85264137	1	85729820	rs35486093
1	160420194	1	160389984	rs3737798
1	2785010	1	2701575	rs375915427
1	119724882	1	120267505	rs483180
1	85283128	1	85748811	rs529392609
1	92474402	1	92939959	rs58394161
1	200906769	1	200875897	rs59655222
1	160664798	1	160634588	rs6427540
1	2589088	1	2520527	rs6670198
1	24964519	1	25291010	rs6672420
1	23881014	1	24207504	rs67934705
1	92623366	1	93088923	rs72724541
1	64963636	1	65429319	rs72922276
1	157691039	1	157660829	rs77191363
1	92507685	1	92973242	rs79285232
1	32272814	1	32738415	rs79979643
1	212704434	1	212877776	rs9308424
1	160734175	1	160703965	rs983494
2	136127109	2	136884679	rs10191360
2	24829308	2	25052177	rs11125803
2	61015275	2	61242410	rs1177228
2	12467767	2	12607893	rs11899404
2	43128185	2	43355324	rs12478539
2	203768138	2	204632861	rs12614091
2	68419404	2	68646536	rs12622670
2	65434709	2	65661843	rs13385171
2	30249576	2	30472442	rs13414105
2	60839531	2	61066666	rs1432295
2	230257114	2	231121829	rs35540610
2	30255520	2	30478386	rs4952115
2	112013222	2	112770799	rs57116599
2	191124630	2	191989356	rs6738544
2	111735409	2	112492986	rs71252597
2	150787689	2	151644203	rs962052
3	159973324	3	159691112	rs1014486
3	159994586	3	159712373	rs10936182
3	169818849	3	169536637	rs10936602
3	101129753	3	100848597	rs111430408
3	32920559	3	32962051	rs11919880
3	188269836	3	187987624	rs13066789
3	27741524	3	27783015	rs13327021
3	112975136	3	112693983	rs138433213
3	122051692	3	121770539	rs2255214
3	105737111	3	105455955	rs2289746
3	121824051	3	121542898	rs2331964
3	187848180	3	187565968	rs2590438
3	102030178	3	101749022	rs4325907
3	28030595	3	28072086	rs438613
3	141432148	3	141150990	rs6789653
3	122046521	3	121765368	rs71329256
3	101942612	3	101661456	rs74482986
3	122064168	3	121783015	rs75937181
3	119509661	3	119228508	rs9843355
3	159984502	3	159702290	rs9858816
3	18757356	3	18798848	rs9863496
3	71486187	3	71535338	rs9878602
4	40305547	4	40307564	rs13136820
4	121198294	4	122119449	rs17051321
4	86941244	4	87862396	rs2705616
4	105334432	4	106255589	rs2726479
4	102990624	4	103911781	rs6533052
4	48125245	4	48127262	rs6837324
4	163572655	4	164493807	rs72989863
4	108137562	4	109058718	rs9992763
5	35877403	5	35877505	rs10063294
5	40396323	5	40396425	rs11749040
5	40393750	5	40393852	rs1992662
5	134555592	5	133891282	rs2084007
5	134114136	5	133449827	rs244656
5	142159774	5	141539339	rs249677
5	159332892	5	158759900	rs2546890
5	119480120	5	118815815	rs28762138
5	40429148	5	40429250	rs2889382
5	119367967	5	118703662	rs32658
5	6712721	5	6712834	rs34681760
5	177363161	5	176790162	rs67111717
5	159517258	5	158944266	rs7727104
5	56148856	5	55444683	rs7731626
6	36380912	6	36348689	rs1076928
6	14690984	6	14691215	rs111635774
6	118894238	6	119215402	rs11542663
6	7099796	6	7100029	rs12211604
6	135428544	6	135749682	rs13218824
6	159044945	6	159465977	rs1738074
6	137858009	6	138179146	rs17780048
6	135174088	6	135495226	rs2327586
6	135512325	6	135833463	rs4896153
6	137116920	6	137438057	rs62420820
6	137638318	6	137959455	rs631204
6	143544084	6	143865221	rs6911131
6	16672529	6	16672760	rs719316
6	90267049	6	90976768	rs72928038
6	130027112	6	130348257	rs75191738
6	135583059	6	135904197	rs76892387
6	127958959	6	128280104	rs802730
7	50200284	7	50239880	rs10230723
7	28102567	7	28142186	rs10245867
7	139045049	7	138729795	rs10271373
7	3099783	7	3139417	rs10951042
7	27095695	7	27135314	rs10951154
7	50288743	7	50328339	rs116877451
7	149592373	7	149289464	rs354033
7	128933913	7	128573967	rs4728142
7	2403667	7	2443302	rs55858457
7	37342861	7	37382465	rs60600003
7	106066016	7	105706462	rs73414214
8	78504987	8	79417222	rs28703878
8	143912625	8	144986793	rs3923387
8	127801845	8	128814091	rs6990534
8	127163451	8	128175696	rs735542
8	128165523	8	129177769	rs7819665
8	94839590	8	95851818	rs78727559
9	98105907	9	100868189	rs7855251
10	31106832	10	31395761	rs1087056
10	92719350	10	94479107	rs1112718
10	79299578	10	81059335	rs1250551
10	6028310	10	6070273	rs12722559
10	8056756	10	8098719	rs1399180
10	73894042	10	75653800	rs17741873
10	62689789	10	64449549	rs61863928
10	62624880	10	64384640	rs77051803
11	61060461	11	60827933	rs11230581
11	64327706	11	64095178	rs11231749
11	118872577	11	118743286	rs12365699
11	36416525	11	36438075	rs1365120
11	118912715	11	118783424	rs149114341
11	47338861	11	47360412	rs2269434
11	118609980	11	118480695	rs34026809
11	321138	11	321138	rs35218683
11	128551280	11	128421175	rs4262739
11	95578258	11	95311422	rs4409785
11	61026179	11	60793651	rs4939490
11	65937961	11	65705432	rs531612
11	95688666	11	95421830	rs56095240
11	321235	11	321235	rs56232455
11	14846770	11	14868316	rs570429157
11	14381384	11	14402930	rs61884005
11	118877104	11	118747813	rs6589706
11	122647817	11	122518525	rs6589939
11	61015590	11	60783062	rs75064517
12	6332456	12	6441622	rs12832171
12	6330843	12	6440009	rs1800693
12	6405797	12	6514963	rs2364485
12	111446804	12	111884608	rs3184504
12	94267677	12	94661453	rs61708525
12	57713053	12	58106836	rs701006
12	123119506	12	123604053	rs7975763
12	9713753	12	9866349	rs7977720
13	99374698	13	100026952	rs77654077
13	50387821	13	50961957	rs9568402
13	50237084	13	50811220	rs9591325
14	88057144	14	88523488	rs116899835
14	51839373	14	52306091	rs11852059
14	102799507	14	103265844	rs12147246
14	87941573	14	88407917	rs12432149
14	68786647	14	69253364	rs12434551
14	102764421	14	103230758	rs12588969
14	75547955	14	76014298	rs34695601
15	78955140	15	79247482	rs62013236
15	90344352	15	90887584	rs6496663
16	11304610	16	11398467	rs10852332
16	10959799	16	11053656	rs117283010
16	79077400	16	79111297	rs12925972
16	11260022	16	11353879	rs146566517
16	79316307	16	79350204	rs17724508
16	11020655	16	11114512	rs2286974
16	11319069	16	11412926	rs34947566
16	85987899	16	86021505	rs35703946
16	30091839	16	30103160	rs3809627
16	1017832	16	1067832	rs405343
16	11091607	16	11185464	rs55898143
16	79618823	16	79652720	rs6564681
16	11148640	16	11242497	rs794423
16	11153990	16	11247847	rs80207443
16	57043182	16	57077094	rs8062446
16	11242142	16	11335999	rs814260
17	42377817	17	40529835	rs1026916
17	47624914	17	45702280	rs11079784
17	59886512	17	57963873	rs1292052
17	59781849	17	57859210	rs2150879
17	36486677	17	34842521	rs4796224
17	42356541	17	40508559	rs58905292
17	45330304	17	43407670	rs7222450
17	40096407	17	38252660	rs883871
17	75339695	17	73335776	rs9900529
17	39813896	17	37970149	rs9909593
18	69876810	18	67544046	rs2469434
18	58602505	18	56269737	rs4940730
18	58680812	18	56348044	rs9955954
19	6668961	19	6668972	rs1077667
19	47135282	19	47638539	rs11083862
19	11063252	19	11173928	rs12609500
19	4466469	19	4466466	rs12971909
19	49333989	19	49837246	rs1465697
19	10481468	19	10592144	rs28834106
19	10352442	19	10463118	rs34536443
19	18191169	19	18301979	rs4808760
19	16448610	19	16559421	rs58166386
19	44640642	19	45143942	rs7260482
20	54173204	20	52789743	rs2248137
20	54127898	20	52744437	rs2585447
20	43950411	20	42579051	rs4812772
20	49805558	20	48422095	rs6020055
20	46105671	20	44734310	rs6032662
20	41339548	20	39968188	rs6072343
20	63743088	20	62374441	rs6742
21	38492803	21	39864727	rs2836438
21	33415005	21	34787312	rs9808753
22	39895803	22	40291807	rs137955
22	50532837	22	50971266	rs140522
22	31226553	22	31622539	rs4820955
22	36914912	22	37310954	rs5756405
22	36862944	22	37258986	rs760517
22	21851064	22	22205353	rs9610458